0.01 1.6086 0.99846 69140 1.6082e+05 249 2.5662e-06 0.00031187
0.011721 1.6065 0.9982 50752 1.1688e+05 212.4 3.4887e-06 0.00036629
0.013738 1.5813 0.99779 38405 75751 168.94 4.9107e-06 0.00048258
0.016103 1.5748 0.9975 28780 59240 149.16 6.5692e-06 0.00052678
0.018874 1.5603 0.997 21543 40308 122.27 9.1332e-06 0.00066119
0.022122 1.5575 0.99658 16039 31105 107.52 1.2335e-05 0.00073162
0.025929 1.5478 0.99589 11939 21294 88.702 1.7218e-05 0.00091303
0.030392 1.5418 0.99519 8907.1 15456 75.552 2.366e-05 0.0010747
0.035622 1.5442 0.99437 6558.1 11363 65.153 3.232e-05 0.0012493
0.041753 1.5396 0.99337 4907.1 8172.5 55.354 4.4406e-05 0.0014849
0.048939 1.54 0.99214 3601.8 5829.1 47.029 6.0958e-05 0.0017806
0.057362 1.5411 0.99072 2666.5 4201.5 40.22 8.3613e-05 0.0021137
0.067234 1.5427 0.98902 1977.4 3019.5 34.401 0.00011498 0.0025179
0.078805 1.5443 0.98699 1471.4 2162.3 29.407 0.00015809 0.0030122
0.092367 1.5485 0.98461 1094.1 1558.1 25.305 0.00021644 0.0035837
0.10826 1.5515 0.98168 818.08 1107.8 21.651 0.00029655 0.0043259
0.1269 1.554 0.97819 615.45 785.47 18.531 0.00040488 0.0052426
0.14874 1.5586 0.97402 463.96 557.12 15.928 0.00055188 0.0063603
0.17433 1.5622 0.96909 353 395.16 13.721 0.00075367 0.0077284
0.20434 1.565 0.96314 271.24 278.13 11.801 0.0010274 0.009484
0.2395 1.567 0.95617 210.94 196.21 10.19 0.0013923 0.011638
0.28072 1.5677 0.94799 166.53 138.45 8.8182 0.0018735 0.014315
0.32903 1.5663 0.93844 133.78 97.659 7.6365 0.0025089 0.017669
0.38566 1.5623 0.92748 109.45 69.327 6.6269 0.0033768 0.021739
0.45204 1.5548 0.91499 91.083 49.654 5.7482 0.0045255 0.026608
0.52983 1.5431 0.90122 76.655 36.456 4.9984 0.006016 0.031872
0.62102 1.5268 0.88606 64.691 27.621 4.3381 0.0079233 0.037127
0.7279 1.5073 0.86947 53.925 21.833 3.7548 0.010538 0.041619
0.85317 1.4864 0.85158 43.854 18.261 3.2409 0.013931 0.044255
1 1.4668 0.83281 34.634 16.438 2.7887 0.018198 0.043856
1.1 1.4629 0.81562 28.596 14.225 2.5976 0.021073 0.048035
1.2 1.4583 0.79869 24.151 12.52 2.4408 0.023865 0.052172
1.3 1.4531 0.78226 20.8 11.199 2.3126 0.026895 0.056124
1.4 1.4474 0.76616 18.224 10.119 2.2026 0.029829 0.060128
1.5 1.4413 0.75049 16.202 9.2268 2.1077 0.032654 0.064142
1.6 1.4348 0.73547 14.58 8.5057 2.0282 0.03542 0.067923
1.7 1.4281 0.72096 13.261 7.8979 1.959 0.038435 0.071646
1.8 1.4212 0.70701 12.171 7.3852 1.899 0.041305 0.075246
1.9 1.4141 0.69361 11.258 6.9472 1.8464 0.044051 0.078736
2 1.4069 0.68065 10.487 6.5611 1.799 0.046713 0.082246
2.1 1.3996 0.66828 9.8255 6.2314 1.7578 0.049311 0.085556
2.2 1.3922 0.65636 9.2546 5.9397 1.7207 0.051885 0.088818
2.3 1.3847 0.64496 8.7566 5.6855 1.688 0.05465 0.091921
2.4 1.3772 0.63393 8.3203 5.454 1.6578 0.057301 0.095051
2.5 1.3697 0.62334 7.9344 5.248 1.6306 0.059851 0.098081
2.6 1.3622 0.61316 7.5911 5.0627 1.606 0.062316 0.10103
2.7 1.3546 0.60338 7.2838 4.8958 1.5837 0.064712 0.1039
2.8 1.3471 0.59394 7.0076 4.7432 1.5631 0.067052 0.10672
2.9 1.3396 0.58486 6.7578 4.6052 1.5445 0.069345 0.10945
3 1.3321 0.57613 6.531 4.4791 1.5275 0.071602 0.1121
3.1 1.3246 0.56767 6.3244 4.3619 1.5117 0.073831 0.11475
3.2 1.3172 0.55962 6.1347 4.2591 1.498 0.076086 0.11714
3.3 1.3098 0.55172 5.9613 4.1577 1.4842 0.078419 0.11972
3.4 1.3025 0.54415 5.8011 4.067 1.4721 0.080681 0.12212
3.5 1.2951 0.53688 5.653 3.9845 1.4611 0.08288 0.12439
3.6 1.2879 0.52975 5.5162 3.903 1.4502 0.085025 0.1268
3.7 1.2806 0.52294 5.3886 3.8311 1.4408 0.08712 0.12898
3.8 1.2735 0.51635 5.2698 3.7635 1.4321 0.08917 0.13113
3.9 1.2663 0.50987 5.1593 3.6961 1.4232 0.091181 0.13343
4 1.2593 0.50367 5.0555 3.6362 1.4156 0.093157 0.13551
